S 333333 333 3333 33333 333 33333333 33333333 3333333 mem:

333333393333, Β333313333333333, Germe, Η33333333333, 011313·-
mamm, Jeep, Κ Lanae, Ludwieh, 0133333333, 13333133,
Semele, Τ133333, Um, Walter,

33333333 33333333333333 3333333333 333333333333333 3333333333 summas 33333333

333-33 33333 3333 3 33 3333333 3333333333, 3333333333 33 33333333Α3·33333331ὶ3333333’333,

333333333333· mee 333 33333 33333 ’,3333 33333 3333333 modo 33333333 33333333 33333-
33333 33333 333 33 3333333333 33333 33333 3333 33333 Α33333333 Β333333-
mmm. 3333 333333 33333 33333333 333 33333333333333, 3333333333 1333333-
33333333, 3333333 meo 333 33333333333333, 3333 3333 3333 3333333333 333333-
33333333 33333333 3333333 emmeram 133333 maximam 3333333333 debeo
333333333 333333333 33333 me 333 3333 3333333 333 Monacensis 3333333 333333333-
333333 33 33333 m 33333 3333333 33 33333333 333 3333333333 33333333 3333333 333-“
3333333333 333, 3333 333 Im 3333 3333333333 33 33333333 Κ333, 33333
<mmmmm m ,3333333333 lemme mmm 33333333333333333333333333 3333333333
3333 33333333 333333 333333 333 33333333333333.

1333333333 mm mee 333333 mm 3333333333333333333333 3333 33333
333333 3333333 33 33333333 forme 3333 33333333333333 3333, quem 333333333-
33333333 3333333333 33333 33 33 13333333 333 emm 33. d XVKal. Febe.

333 3 333 ee 3333 3333333333 3333333333 3333333333 (3333333333 3333333333 33333333
Kal. Izm. 33. 33. 33333333.

 

